1
16
97
116
136
140
159
175
183
189
190
215
230
240
273
278
290
300
303
334
352
354
360
361
369
388
414
440
443
457
480
487
495
499
505
515
554
575
577
582
643
646
654
655
666
674
702
703
720
724
727
739
753
760
764
768
773
777
793
805
818
823
859
880
893
924
931
955
969
976
1003
1021
1025
1026
1035
1078
1099
1110
1116
1118
1126
1141
1147
1163
1185
1195
1227
1268
1283
1301
1344
1441
1444
1481
1488
1511
1512
1514
1539
1552
1555
1579
1590
1598
1613
1616
1622
1627
1673
1724
1737
1747
1765
1778
1827
1846
1931
2022
2038
2061
2070
2074
2101
2108
2110
2121
2124
2168
2169
2172
2177
2194
2198
2254
2270
2285
2287
2317
2327
2332
2342
2371
2375
2377
2394
2410
2416
2424
2432
2454
2457
2459
2469
2508
2511
2525
2536
2537
2600
2619
2658
2678
2680
2689
2690
2698
2705
2729
2765
2794
2799
2829
2842
2869
2882
2891
2893
2934
2948
2964
2995
3029
3050
3088
3125
3142
3150
3175
3188
3190
3191
3200
3224
3228
3234
3249
3266
3268
3306
3342
3348
3359
3373
3378
3423
3465
3469
3470
3479
3500
3504
3520
3542
3545
3572
3624
3682
3737
3754
3765
3767
3769
3788
3826
3832
3873
3890
3904
3916
3922
3965
3975
3982
3989
4014
4070
4087
4104
4127
4132
4137
4141
4142
4158
4186
4194
4223
4241
4248
4284
4303
4305
4312
4336
4344
4354
4355
4387
4389
4404
4436
4446
4450
4476
4503
4521
4526
4533
4621
4632
4651
4652
4660
4674
4692
4719
4723
4763
4776
4783
4793
4825
4866
4871
4877
4885
4890
4892
4894
4903
4944
4959
4965
4976
4983
4997
4999
5029
5033
5063
5138
5187
5201
5263
5277
5303
5338
5339
5343
5357
5379
5380
5390
5421
5426
5436
5443
5452
5461
5471
5477
5482
5491
5497
5510
5544
5554
5581
5597
5649
5657
5659
5660
5702
5709
5745
5764
5765
5776
5799
5806
5808
5823
5828
5858
5866
5873
5888
5919
5925
5942
5964
5983
5997
5999
6041
6055
6065
6078
6084
6090
6142
6168
6181
6185
6201
6203
6210
6218
6222
6229
6240
6251
6254
6284
6287
6302
6309
6322
6366
6379
6392
6397
6435
6439
6448
6466
6481
6489
6495
6499
6504
6515
6517
6531
6543
6561
6562
6578
6585
6591
6608
6613
6622
6638
6639
6671
6700
6717
6738
6742
6769
6773
6796
6834
6859
6865
6873
6900
6948
6975
6977
7048
7049
7060
7073
7108
7120
7127
7133
7135
7136
7172
7181
7182
7201
7233
7250
7255
7257
7268
7272
7295
7322
7335
7336
7367
7379
7393
7396
7408
7417
7429
7432
7439
7449
7463
7464
7470
7491
7522
7566
7573
7590
7599
7648
7660
7668
7696
7703
7704
7705
7741
7754
7780
7793
7806
7820
7859
7901
7912
7914
7918
7930
7974
8012
8025
8070
8079
8082
8109
8110
8116
8121
8123
8125
8134
8143
8188
8206
8216
8224
8226
8242
8248
8265
8271
8275
8281
8301
8307
8329
8339
8354
8359
8365
8391
8397
8404
8411
8414
8465
8495
8502
8509
8521
8527
8558
8575
8586
8660
8661
8671
8672
8698
8702
8709
8722
8727
8733
8791
8803
8851
8854
8863
8875
8887
8923
8970
8979
8982
9010
9028
9030
9037
9064
9078
9082
9105
9110
9117
9154
9167
9184
9186
9207
9220
9223
9230
9281
9297
9321
9323
9356
9390
9395
9443
9451
9483
9494
9502
9521
9557
9570
9605
9620
9638
9656
9675
9686
9691
9701
9703
9746
9768
9790
9804
9815
9821
9828
9884
9904
9910
9920
9935
9983
9994
10011
10024
10045
10054
10064
10067
10072
10074
10087
10111
10115
10136
10170
10180
10198
10211
10220
10225
10233
10234
10245
10256
10278
10287
10298
10307
10309
10337
10375
10405
10406
10408
10425
10431
10437
10445
10474
10486
10497
10500
10509
10523
10548
10561
10579
10597
10598
10621
10631
10633
10653
10659
10665
10668
10669
10677
10683
10717
10732
10737
10772
10790
10803
10809
10815
10840
10849
10857
10863
10882
10901
10906
10923
10953
10960
10969
10988
11008
11013
11024
11040
11059
11069
11074
11078
11084
11099
11105
11106
11119
11180
11185
11196
11199
11203
11212
11224
11231
11233
11264
11281
11403
11409
11421
11442
11452
11458
11471
11490
11505
11513
11530
11557
11599
11660
11683
11742
11749
11755
11764
11850
11913
11925
11930
11953
11957
11977
11986
12015
12067
12096
12109
12117
12121
12143
12167
12175
12190
12193
12211
12227
12235
12242
12243
12247
12258
12267
12272
12283
12295
12310
12334
12357
12363
12400
12404
12418
12433
12457
12458
12459
12464
12487
12492
12511
12530
12557
12561
12576
12580
12590
12639
12641
12654
12689
12697
12703
12715
12718
12749
12799
12818
12841
12855
12859
12890
12949
12951
12961
12981
12986
12993
13052
13093
13099
13105
13133
13140
13153
13179
13198
13202
13221
13234
13243
13292
13314
13333
13347
13355
13357
13370
13388
13395
13408
13425
13426
13432
13451
13457
13496
13527
13550
13554
13558
13559
13577
13648
13651
13659
13664
13700
13728
13735
13740
13745
13750
13762
13769
13794
13824
13832
13872
13937
13960
13962
14017
14030
14083
14103
14111
14176
14231
14235
14239
14280
14297
14324
14342
14344
14381
14394
14425
14456
14476
14489
14495
14497
14514
14525
14546
14642
14657
14726
14742
14745
14757
14762
14774
14783
14823
14831
14832
14851
14864
14888
14903
14906
14911
14919
14929
14945
14958
14975
15005
15011
15032
15078
15083
15090
15100
15108
15135
15168
15175
15197
15200
15212
15219
15238
15253
15265
15268
15295
15304
15334
15343
15355
15358
15388
15393
15439
15460
15464
15473
15482
15487
15488
15503
15516
15518
15587
15604
15612
15617
15618
15631
15662
15664
15678
15711
15729
15751
15753
15755
15757
15774
15780
15792
15826
15874
15896
15897
15946
15947
15993
16009
16016
16026
16031
16035
16046
16059
16060
16164
16206
16218
16225
16266
16278
16291
16320
16332
16339
16354
16411
16414
16428
16435
16451
16455
16467
16476
16496
16521
16535
16558
16560
16570
16610
16619
16620
16641
16654
16663
16671
16675
16685
16687
16695
16728
16733
16753
16775
16796
16805
16816
16821
16823
16853
16854
16857
16869
16883
16907
16921
16926
16933
16958
16975
16986
17030
17066
17081
17100
17108
17141
17150
17162
17174
17182
17184
17198
17217
17235
17289
17307
17370
17393
17431
17436
17470
17481
17495
17499
17506
17543
17544
17554
17575
17581
17596
17601
17634
17667
17682
17699
17755
17793
17817
17838
17876
17879
17885
17894
17911
17940
17963
17969
17983
18017
18021
18031
18063
18109
18119
18120
18125
18147
18165
18168
18191
18201
18242
18253
18258
18259
18264
18269
18279
18297
18339
18384
18413
18424
18432
18433
18452
18459
18498
18533
18548
18550
18581
18601
18634
18656
18675
18677
18699
18720
18778
18786
18844
18865
18882
18885
18910
18956
18980
18993
19003
19031
19045
19047
19054
19073
19100
19105
19107
19109
19111
19123
19133
19159
19169
19177
19224
19237
19268
19275
19299
19318
19342
19365
19388
19420
19447
19470
19488
19512
19615
19660
19669
19684
19699
19714
19718
19734
19740
19747
19782
19808
19811
19835
19836
19839
19893
19904
19917
19926
19974
19982
19997
20005
20030
20033
20039
20045
20064
20092
20104
20111
20125
20130
20138
20152
20158
20166
20176
20199
20211
20253
20279
20289
20338
20394
20409
20420
20427
20449
20457
20471
20484
20494
20519
20529
20535
20540
20546
20549
20599
20609
20623
20655
20661
20670
20692
20715
20732
20743
20773
20793
20810
20813
20834
20859
20864
20874
20883
20921
20924
20943
20994
21008
21044
21075
21089
21093
21130
21141
21154
21157
21164
21171
21209
21247
21286
21301
21326
21342
21380
21411
21427
21428
21448
21477
21489
21518
21539
21549
21575
21587
21624
21669
21688
21691
21714
21716
21723
21725
21727
21735
21747
21752
21762
21776
21790
21800
21807
21858
21869
21895
21934
21937
21952
21963
21978
21988
22006
22014
22017
22021
22031
22057
22062
22107
22115
22152
22157
22172
22189
22198
22202
22234
22237
22247
22270
22275
22280
22285
22298
22301
22327
22353
22386
22408
22430
22462
22482
22490
22495
22502
22552
22559
22563
22568
22569
22575
22589
22591
22605
22621
22632
22643
22652
22664
22691
22716
22723
22726
22735
22747
22838
22862
22895
22920
22923
22961
22968
22990
23018
23023
23026
23054
23071
23072
23106
23132
23146
23169
23203
23220
23236
23245
23282
23297
23307
23313
23316
23324
23345
23420
23457
23477
23478
23485
23499
23514
23525
23536
23545
23549
23560
23571
23594
23608
23633
23643
23659
23666
23674
23687
23698
23700
23701
23704
23717
23723
23733
23743
23752
23755
23763
23778
23788
23794
23803
23818
23825
23843
23870
23901
23923
23939
23942
23955
23961
24059
24067
24086
24117
24144
24165
24167
24178
24231
24238
24259
24295
24304
24311
24313
24333
24394
24397
24408
24418
24443
24478
24504
24544
24545
24558
24566
24603
24608
24626
24645
24697
24702
24711
24719
24725
24748
24765
24766
24769
24783
24790
24805
24832
24856
24888
24894
24959
24990
24993
25019
25027
25029
25056
25064
25091
25092
25093
25095
25137
25149
25197
25200
25239
25249
25264
25273
25314
25318
25325
25328
25335
25343
25368
25385
25397
25410
25428
25442
25448
25465
25481
25569
25590
25628
25633
25655
25669
25675
25702
25709
25717
25729
25750
25764
25773
25792
25844
25849
25856
25866
25902
25919
25929
25948
25982
25992
26021
26028
26042
26053
26122
26137
26155
26176
26196
26222
26234
26304
26328
26363
26381
26394
26395
26398
26415
26427
26437
26438
26440
26446
26456
26467
26478
26503
26509
26530
26536
26541
26563
26574
26596
26609
26629
26632
26645
26650
26654
26661
26665
26673
26702
26705
26712
26719
26724
26734
26756
26784
26805
26827
26847
26850
26860
26913
26919
26947
26952
26969
26977
26981
26997
27024
27046
27064
27073
27090
27092
27122
27129
27133
27139
27174
27218
27221
27246
27260
27266
27312
27328
27331
27337
27352
27355
27434
27447
27455
27460
27480
27499
27587
27652
27676
27698
27723
27735
27741
27774
27822
27827
27849
27876
27888
27893
27894
27896
27910
27926
27930
27967
27973
28001
28042
28083
28152
28159
28179
28194
28197
28209
28240
28259
28262
28268
28278
28279
28282
28292
28320
28325
28367
28371
28376
28406
28421
28439
28473
28489
28497
28534
28549
28579
28594
28633
28651
28656
28671
28702
28712
28723
28737
28743
28753
28759
28779
28782
28837
28847
28857
28879
28900
28950
28966
28971
28986
28997
29017
29044
29061
29106
29134
29181
29220
29237
29256
29260
29291
29319
29326
29335
29342
29373
29380
29383
29437
29509
29515
29546
29595
29599
29635
29715
29717
29725
29732
29772
29778
29808
29859
29874
29928
29950
29953
29959
29960
30012
30022
30037
30068
30073
30077
30160
30200
30205
30217
30254
30260
30291
30313
30325
30359
30363
30367
30371
30407
30420
30448
30451
30453
30461
30462
30465
30478
30482
30493
30498
30545
30559
30581
30589
30600
30606
30643
30648
30744
30766
30770
30796
30800
30829
30863
30868
30876
30881
30896
30903
30904
30905
30908
30946
30955
30971
30997
31004
31023
31024
31037
31051
31052
31065
31076
31083
31098
31103
31104
31145
31156
31164
31195
31202
31209
31219
31240
31268
31271
31296
31306
31319
31328
31376
31383
31398
31409
31416
31452
31462
31468
31493
31502
31503
31514
31550
31583
31612
31623
31631
31668
31670
31702
31705
31729
31760
31807
31810
31820
31840
31851
31852
31860
31873
31890
31907
31909
31911
31914
31921
31959
31969
31988
31992
31998
32017
32054
32056
32067
32081
32109
32136
32162
32171
32178
32205
32206
32235
32271
32288
32289
32302
32324
32368
32408
32417
32420
32439
32461
32505
32551
32558
32611
32635
32638
32655
32661
32697
32715
32718
32719
32727
32730
32749
32756
32773
32800
32803
32814
32833
32838
32856
32881
32905
32928
32930
32935
32992
33029
33030
33036
33047
33072
33090
33093
33097
33135
33141
33151
33158
33182
33200
33231
33262
33273
33284
33293
33309
33315
33317
33319
33342
33384
33426
33431
33454
33512
33543
33544
33548
33617
33650
33715
33726
33755
33786
33847
33856
33867
33871
33892
33925
33949
33957
33969
33973
33982
33986
34001
34071
34101
34121
34131
34138
34141
34142
34147
34148
34159
34183
34222
34236
34241
34264
34288
34298
34305
34364
34376
34397
34399
34417
34421
34441
34463
34476
34477
34483
34503
34513
34519
34546
34558
34596
34611
34620
34627
34633
34646
34649
34669
34675
34677
34735
34740
34744
34787
34800
34803
34810
34814
34849
34869
34891
34926
34948
34958
34989
35001
35021
35054
35059
35067
35096
35103
35107
35113
35132
35154
35178
35204
35220
35236
35242
35280
35300
35336
35363
35424
35439
35455
35480
35481
35488
35606
35630
35639
35641
35651
35665
35689
35697
35700
35725
35736
35750
35794
35798
35835
35863
35892
35910
35949
36010
36033
36039
36071
36103
36109
36112
36138
36143
36148
36163
36180
36193
36209
36223
36235
36267
36278
36322
36340
36383
36398
36400
36438
36456
36472
36481
36522
36540
36578
36593
36605
36612
36619
36626
36679
36687
36718
36729
36767
36772
36775
36777
36783
36800
36860
36884
36899
36902
36907
36939
36949
36965
36998
37003
37008
37025
37063
37082
37108
37112
37152
37155
37164
37185
37191
37219
37233
37238
37259
37268
37286
37293
37332
37334
37359
37372
37390
37392
37393
37417
37442
37482
37500
37520
37538
37616
37626
37647
37653
37658
37659
37666
37716
37726
37737
37780
37799
37806
37835
37851
37867
37871
37876
37884
37893
37932
37936
37944
37953
37957
37959
37962
37963
37972
37983
38001
38011
38012
38025
38038
38052
38055
38057
38074
38089
38092
38107
38112
38122
38127
38133
38134
38142
38145
38161
38203
38253
38256
38264
38300
38315
38327
38369
38374
38419
38420
38434
38465
38480
38484
38500
38614
38615
38617
38656
38660
38682
38705
38730
38734
38767
38787
38818
38821
38823
38826
38829
38847
38891
38892
38924
38929
38945
38956
38965
38971
39004
39020
39030
39037
39039
39044
39069
39085
39095
39115
39125
39162
39173
39176
39182
39183
39202
39203
39242
39272
39300
39320
39331
39340
39345
39366
39381
39402
39434
39460
39469
39478
39498
39501
39523
39534
39548
39555
39582
39598
39611
39647
39659
39696
39723
39773
39791
39807
39837
39861
39916
39920
39924
39929
39935
39957
39984
40014
40015
40041
40045
40047
40053
40061
40077
40092
40098
40100
40112
40130
40140
40147
40183
40187
40193
40221
40262
40272
40274
40280
40303
40316
40330
40345
40359
40369
40370
40385
40390
40399
40419
40430
40435
40438
40444
40517
40518
40524
40528
40531
40536
40559
40578
40584
40592
40594
40625
40631
40634
40655
40663
40666
40674
40675
40680
40691
40709
40719
40737
40803
40852
40894
40924
40936
40947
40987
40989
41007
41028
41032
41074
41084
41115
41127
41143
41167
41176
41192
41205
41221
41238
41270
41302
41317
41322
41338
41378
41388
41392
41458
41465
41467
41518
41522
41534
41537
41541
41544
41588
41595
41611
41687
41696
41759
41792
41812
41823
41832
41840
41847
41853
41896
41901
41912
41919
41928
41932
41942
41943
41973
41981
42001
42008
42018
42029
42038
42067
42077
42162
42186
42187
42198
42207
42230
42260
42290
42294
42304
42318
42325
42341
42358
42365
42378
42384
42385
42388
42391
42396
42399
42431
42466
42486
42516
42528
42533
42535
42581
42595
42610
42614
42632
42653
42687
42725
42770
42782
42788
42804
42814
42819
42821
42856
42859
42880
42889
42894
42897
42913
42923
42935
42944
42946
42995
43002
43013
43016
43034
43037
43049
43076
43080
43090
43099
43136
43144
43226
43242
43259
43318
43345
43346
43348
43361
43371
43393
43425
43481
43491
43517
43541
43686
43700
43717
43744
43768
43776
43783
43801
43822
43826
43864
43867
43913
43919
43948
43974
43993
43999
44004
44022
44065
44100
44104
44262
44305
44321
44325
44332
44350
44370
44392
44427
44446
44448
44515
44534
44543
44555
44567
44572
44583
44594
44599
44614
44631
44674
44683
44685
44705
44721
44736
44753
44755
44762
44782
44803
44805
44820
44860
44862
44877
44934
44947
44977
44983
44990
44992
45008
45010
45015
45024
45027
45031
45079
45107
45121
45142
45157
45169
45181
45199
45200
45205
45226
45319
45325
45339
45385
45402
45417
45419
45446
45460
45461
45485
45487
45495
45521
45526
45536
45543
45556
45569
45605
45643
45648
45663
45666
45692
45697
45712
45715
45736
45739
45749
45758
45844
45863
45869
45878
45884
45885
45898
45904
45924
45926
45942
45963
45983
46001
46064
46065
46077
46139
46160
46186
46237
46247
46265
46269
46272
46279
46297
46325
46338
46344
46357
46364
46402
46419
46443
46464
46497
46501
46517
46534
46541
46551
46557
46569
46572
46598
46616
46624
46634
46660
46670
46695
46703
46718
46759
46786
46798
46814
46850
46852
46865
46869
46894
46903
46919
46920
46932
46950
46963
46973
46975
46993
46995
46998
47002
47049
47064
47116
47132
47146
47175
47200
47212
47217
47226
47263
47283
47293
47294
47317
47339
47364
47374
47390
47392
47409
47415
47451
47454
47458
47459
47490
47509
47510
47518
47519
47525
47527
47541
47542
47566
47569
47580
47582
47597
47610
47623
47642
47677
47703
47725
47747
47770
47775
47822
47827
47861
47869
47884
47896
47901
47907
47911
47924
47943
47946
47967
48002
48022
48031
48073
48076
48089
48095
48098
48120
48125
48138
48192
48212
48248
48262
48299
48387
48389
48405
48411
48413
48427
48437
48570
48583
48604
48611
48634
48637
48666
48677
48724
48729
48733
48735
48744
48758
48773
48778
48795
48829
48835
48851
48868
48878
48886
48903
48973
48976
48993
49001
49018
49040
49045
49069
49074
49086
49096
49105
49118
49143
49149
49172
49216
49223
49225
49254
49295
49299
49304
49332
49340
49356
49369
49382
49418
49421
49455
49460
49466
49471
49473
49480
49509
49541
49563
49566
49573
49600
49607
49642
49658
49681
49691
49726
49743
49764
49794
49817
49842
49865
49908
49929
49939
49948
49958
49962
49964
49978
50002
50029
50033
50052
50073
50084
50085
50109
50118
50149
50152
50182
50192
50205
50213
50231
50234
50243
50252
50270
50288
50295
50300
50323
50332
50360
50371
50386
50406
50437
50449
50481
50487
50514
50518
50568
50581
50586
50597
50616
50623
50636
50642
50644
50662
50699
50702
50713
50736
50738
50747
50786
50790
50800
50814
50830
50850
50878
50892
50913
50922
50935
50937
50943
50947
50966
50970
50996
51028
51030
51053
51070
51074
51075
51076
51090
51099
51123
51138
51143
51152
51160
51189
51191
51210
51215
51240
51266
51277
51293
51294
51303
51327
51348
51355
51374
51382
51388
51397
51405
51411
51425
51438
51464
51482
51498
51512
51520
51529
51548
51553
51604
51606
51612
51659
51679
51693
51706
51707
51739
51751
51761
51763
51771
51783
51791
51824
51831
51840
51844
51848
51876
51890
51901
51902
51911
51912
51962
51984
51985
51989
52012
52017
52024
52116
52121
52149
52161
52191
52204
52205
52237
52259
52271
52274
52276
52301
52313
52320
52344
52364
52373
52419
52429
52435
52458
52470
52477
52491
52506
52556
52622
52659
52676
52690
52700
52702
52716
52719
52725
52747
52753
52762
52771
52820
52860
52883
52889
52901
52914
52933
52946
52956
52960
52964
52986
52992
53037
53045
53054
53058
53070
53075
53086
53102
53132
53137
53159
53192
53238
53241
53268
53282
53304
53308
53316
53349
53355
53387
53406
53439
53441
53444
53450
53469
53481
53495
53506
53510
53540
53541
53601
53616
53633
53642
53649
53676
53681
53695
53707
53722
53733
53736
53748
53777
53797
53825
53844
53907
53925
53942
53974
54012
54042
54076
54079
54086
54087
54094
54098
54118
54129
54164
54178
54218
54251
54252
54259
54268
54310
54311
54321
54326
54369
54375
54424
54465
54519
54536
54556
54567
54576
54594
54615
54624
54652
54665
54666
54675
54691
54696
54698
54710
54712
54714
54785
54843
54845
54915
54948
54987
54988
55079
55095
55119
55158
55165
55173
55180
55186
55210
55218
55231
55259
55265
55319
55322
55387
55442
55443
55471
55479
55487
55491
55545
55548
55555
55570
55574
55610
55625
55636
55655
55657
55667
55735
55787
55835
55839
55867
55924
55951
55967
56008
56014
56059
56063
56083
56089
56091
56120
56126
56150
56167
56184
56191
56227
56237
56297
56305
56311
56320
56343
56348
56382
56393
56424
56430
56437
56442
56473
56475
56482
56485
56486
56504
56559
56561
56581
56583
56602
56608
56623
56628
56639
56644
56663
56685
56704
56712
56725
56759
56765
56775
56780
56798
56800
56821
56834
56855
56867
56872
56878
56886
56910
56915
56916
56948
56970
56982
56995
57004
57022
57038
57050
57052
57092
57097
57125
57165
57173
57183
57197
57246
57273
57281
57295
57302
57323
57365
57371
57377
57392
57433
57444
57479
57492
57496
57499
57504
57542
57544
57547
57584
57605
57606
57612
57626
57635
57648
57656
57673
57682
57738
57794
57820
57829
57830
57878
57885
57920
57942
57947
58006
58019
58028
58035
58064
58086
58119
58133
58162
58188
58189
58195
58210
58222
58231
58240
58257
58280
58281
58286
58319
58365
58395
58410
58424
58449
58453
58462
58474
58476
58493
58507
58529
58546
58588
58599
58622
58633
58653
58685
58689
58702
58712
58729
58733
58736
58769
58773
58776
58787
58792
58811
58814
58887
58888
58898
58914
58965
58969
58972
58987
58988
58994
59077
59081
59089
59095
59169
59171
59190
59205
59216
59220
59238
59260
59264
59283
59295
59316
59343
59357
59362
59366
59372
59391
59471
59512
59519
59553
59600
59621
59651
59682
59690
59705
59722
59730
59789
59798
59809
59815
59834
59840
59846
59861
59870
59871
59882
59885
59908
59911
59916
59922
59925
59939
59949
59986
59990
59998
60010
60056
60068
60075
60077
60084
60102
60134
60140
60145
60148
60150
60171
60184
60188
60216
60246
60268
60282
60295
60301
60324
60325
60332
60337
60368
60374
60403
60411
60421
60428
60445
60481
60516
60546
60569
60575
60604
60614
60618
60645
60665
60678
60681
60691
60720
60751
60775
60797
60803
60804
60810
60830
60861
60863
60885
60926
60929
60931
60933
60935
60948
60956
60982
60999
61005
61023
61024
61069
61129
61147
61169
61212
61222
61247
61262
61275
61291
61292
61323
61324
61336
61343
61346
61364
61381
61391
61416
61422
61433
61448
61475
61509
61556
61580
61582
61588
61608
61612
61622
61635
61648
61659
61742
61745
61757
61758
61777
61796
61811
61830
61832
61843
61844
61879
61889
61896
61918
61942
61950
61977
61988
61999
62015
62044
62074
62083
62086
62093
62099
62227
62234
62255
62285
62302
62335
62370
62404
62405
62418
62493
62494
62500
62508
62541
62597
62604
62636
62644
62668
62669
62670
62682
62691
62708
62725
62731
62743
62747
62749
62757
62762
62771
62803
62824
62836
62871
62885
62905
62936
62972
62976
63009
63113
63120
63134
63142
63156
63171
63182
63195
63200
63207
63211
63216
63223
63252
63272
63303
63309
63322
63333
63355
63363
63380
63396
63412
63423
63429
63462
63504
63511
63516
63519
63543
63572
63584
63613
63697
63707
63721
63736
63786
63805
63815
63850
63863
63875
63883
63901
63938
63966
63979
63991
64011
64020
64031
64033
64035
64063
64100
64103
64107
64142
64152
64168
64175
64183
64186
64191
64225
64298
64332
64352
64383
64386
64391
64394
64426
64430
64447
64452
64477
64485
64493
64553
64577
64592
64612
64624
64640
64658
64697
64702
64707
64720
64725
64740
64787
64813
64817
64826
64859
64865
64908
64931
64950
64953
64959
64960
64971
64988
65013
65022
65045
65086
65089
65091
65114
65168
65185
65193
65197
65199
65213
65248
65284
65297
65302
65303
65325
65338
65341
65379
65387
65399
65422
65486
65505
65516
65517
65553
65562
65570
65586
65615
65617
65661
65665
65687
65697
65707
65786
65788
65814
65832
65842
65847
65857
65891
65922
65930
65940
65946
65961
66017
66019
66024
66135
66144
66149
66156
66157
66167
66171
66183
66200
66207
66247
66250
66288
66289
66349
66386
66410
66412
66440
66466
66474
66495
66513
66518
66523
66561
66575
66588
66598
66603
66612
66644
66662
66664
66689
66739
66755
66761
66778
66820
66821
66843
66848
66882
66889
66932
66951
66995
67012
67013
67031
67045
67052
67080
67091
67108
67149
67157
67166
67173
67263
67268
67269
67282
67311
67327
67362
67383
67388
67406
67415
67453
67464
67493
67524
67569
67572
67605
67617
67652
67701
67713
67722
67757
67802
67820
67824
67851
67872
67873
67887
67905
67910
67912
67925
67935
67983
67996
68015
68024
68041
68111
68116
68125
68128
68144
68161
68175
68176
68178
68179
68204
68221
68251
68265
68267
68288
68312
68315
68329
68367
68368
68400
68409
68423
68432
68457
68471
68473
68480
68498
68537
68542
68597
68631
68651
68711
68727